0000000000000000000000000000000000000001
0000000000000000000000001110100000000001
0000000000000000000000000000000000000001
0000000000001000000000001110100000000001
0000000000000010000000000010000000000001
0000000000010000000000001110001000000001
0000000000000000000000000000000000000001
0000000000001010000000010010000000000001
0000000000011000000000001110001000000001
0000000000000000000000000000000000000001
0000000000010010000000100010000000000001
0000000000000000000000000000000000000001
0000000000111000000000001110001000000001
0000000001001010000001010010000000000001
0000000001000010000001110010001000000001
0000000000111010000000110010001000000001
0000000000110010000001000010001000000001
0000000000101010000001100010001000000001
0000000000000000000000000000000000000001
0000000001010000000000001110001000000001
0000000001100010000010100010000000000001
0000000001011010000011000010001000000001
0000000001010010000010000010001000000001
0000000001001010000010010010001000000001
0000000001000010000010110010001000000001
0000000000000000000000000000000000000001
0000000001101000000000001110001000000001
0000000000100000000000001110001000000001
0000000000010001000010000010000000000001
0000000000000000000000000000000000000001
0000000010000000000000001110001000000001
0000000010010010000011110010000000000001
0000000010001010000100010010001000000001
0000000010000010000011010010001000000001
0000000001111010000011100010001000000001
0000000001110010000100000010001000000001
0000000000000000000000000000000000000001
0000000010011000000000001110001000000001
0000000010101010000101000010000000000001
0000000010100010000101100010001000000001
0000000010011010000100100010001000000001
0000000010010010000100110010001000000001
0000000010001010000101010010001000000001
0000000000000000000000000000000000000001
0000000010110000000000001110001000000001
0000000101110000000000001110001000000001
0000000000010010000101110010000000000001
0000000000011010000101110010001000000001
0000000000000000000000000000000000000001
0000000010111000000000001110001000000001
0000000000011010000110000010000000000001
0000000000000000000000000000000000000001
0000000011011000000000001110001000000001
0000000011101010000110110010000000000001
0000000011100010000111010010001000000001
0000000011011010000110010010001000000001
0000000011010010000110100010001000000001
0000000011001010000111000010001000000001
0000000000000000000000000000000000000001
0000000011110000000000001110001000000001
0000000100000010001000000010000000000001
0000000011111010001000100010001000000001
0000000011110010000111100010001000000001
0000000011101010000111110010001000000001
0000000011100010001000010010001000000001
0000000000000000000000000000000000000001
0000000100001000000000001110001000000001
0000000011000000000000001110001000000001
0000000000011001000010000010000000000001
0000000000000000000000000000000000000001
0000000100100000000000001110001000000001
0000000100110010001001010010000000000001
0000000100101010001001110010001000000001
0000000100100010001000110010001000000001
0000000100011010001001000010001000000001
0000000100010010001001100010001000000001
0000000000000000000000000000000000000001
0000000100111000000000001110001000000001
0000000101001010001010100010000000000001
0000000101000010001011000010001000000001
0000000100111010001010000010001000000001
0000000100110010001010010010001000000001
0000000100101010001010110010001000000001
0000000000000000000000000000000000000001
0000000101010000000000001110001000000001
0000000110001000000000001110001000000001
0000000000100010001011010010000000000001
0000000011000010001011010010001000000001
0000000000000000000000000000000000000001
0000000101011000000000001110001000000001
0000000110011010001100010010000000000001
0000000110010010001100100010001000000001
0000000101110010001011100010001000000001
0000000101101010001011110010001000000001
0000000101100010001100000010001000000001
0000000110100000000000001110001000000001
0000000110110010001100010010000000000001
0000000110101010001100100010001000000001
0000000110001010001011100010001000000001
0000000110000010001011110010001000000001
0000000101111010001100000010001000000001
0000000110111000000000001110001000000001
0000000111001010001101100010000000000001
0000000111000010001101110010001000000001
0000000110100010001100110010001000000001
0000000110011010001101000010001000000001
0000000110010010001101010010001000000001
0000000111010000000000001110001000000001
0000000111100010001101100010000000000001
0000000111011010001101110010001000000001
0000000110111010001100110010001000000001
0000000110110010001101000010001000000001
0000000110101010001101010010001000000001
0000000111101000000000001110001000000001
0000000111111010001110110010000000000001
0000000111110010001111000010001000000001
0000000111010010001110000010001000000001
0000000111001010001110010010001000000001
0000000111000010001110100010001000000001
0000001000000000000000001110001000000001
0000001000010010001110110010000000000001
0000001000001010001111000010001000000001
0000000111101010001110000010001000000001
0000000111100010001110010010001000000001
0000000111011010001110100010001000000001
0000001000011000000000001110001000000001
0000001000101010010000000010000000000001
0000001000100010010000010010001000000001
0000001000000010001111010010001000000001
0000000111111010001111100010001000000001
0000000111110010001111110010001000000001
0000001000110000000000001110001000000001
0000001001000010010000000010000000000001
0000001000111010010000010010001000000001
0000001000011010001111010010001000000001
0000001000010010001111100010001000000001
0000001000001010001111110010001000000001
0000001001001000000000001110001000000001
0000001001011010010001010010000000000001
0000001001010010010001100010001000000001
0000001000110010010000100010001000000001
0000001000101010010000110010001000000001
0000001000100010010001000010001000000001
0000001001100000000000001110001000000001
0000001001110010010001010010000000000001
0000001001101010010001100010001000000001
0000001001001010010000100010001000000001
0000001001000010010000110010001000000001
0000001000111010010001000010001000000001
0000001001111000000000001110001000000001
0000000010111010010001110010000000000001
0000001010000000000000001110001000000001
0000001010000001000010000010000000000001
1111111110000000000000000000001000000001
0000000000000010010010001010000000000001
0000001010010001000010000010000000000001
0000001010001000000000001110001000000001
0000001001100001000010000010000000000001
0000001010010000000000001110001010000001
0000001010101001000010000010000000000001
0000001010100000000000001110001000000001
0000001001111001000010000010000000000001
0000001010101000000000001110001010000001
0000001011011010010010010010000000000001
0000001011001001000010000010001000000001
0000001011010000000000001110001000000001
0000001011010001000010000010000001000001
0000000101011001000010000010001000000001
0000001010111000000000001100000000000001
0000001011011111111111110010001001000001
0000001011101000000000001110001000000001
0000000000000000000000000000000000000001
0000001011101010010010010010000000000001
0000001011011001000010000010001000000001
0000001011100000000000001110001000000001
0000001011101001000010000010000000000001
0000001100000000000000001110001000000001
0000001100010010010011010010000000000001
0000001100001010010011100010001000000001
0000001100000010010010100010001000000001
0000001011111010010010110010001000000001
0000001011110010010011000010001000000001
0000001100011000000000001110001000000001
0000001100011000000000001100000000000001
0000001100011111111111110010000000000001
0000000000000000000000000000000000000001
0000001101010000000000001110001000000001
0000001101011000000000001111001000000001
0000001100110001000010000010000000000001
0000001100110010010011110010001001000001
0000001101011010010011110010001000000001
0000001100100001000010000011010000000001
0000001100100010010011110010001001000001
0000001101010010010011110010001000000001
0000000000000000000000000000000000000001
0000001100101000000000001110001000000001
0000001100111000000000001111001000000001
1111111111110010010100010100000000000001
0000001100101010010100000010010000000001
1111111111110001000010000010001001001001
0000001100101010010100000010010000000001
1111111111110001000010000010000000100101
0000001011000000000000001110001000000001
0000001010001010010100100010000000000001
0000001101111000000000001110001000000001
0000001010100010010100100010000000000001
0000001110000000000000001110001000000001
0000001011101010010100110010000000000001
0000010000011000000000001110001000000001
0000000000000000000000000000000000000001
0000001101111000000000001100000000000001
0000001101111111111111110010000000000001
0000000000000000000000000000000000000001
0000001110111000000000001110001000000001
0000001111000000000000001111001000000001
0000001110011001000010000010000000000001
0000001110011010010101000010001001000001
0000001111000010010101000010001000000001
0000001110001001000010000011010000000001
0000001110001010010101000010001001000001
0000001110111010010101000010001000000001
0000000000000000000000000000000000000001
0000001110010000000000001110001000000001
0000001110100000000000001111001000000001
0000001110010001000011000010000000000001
0000001110101000000000001111001000000001
0000001101111001000010000010000000000001
0000001111001000000000001110001000000001
0000001101111001000010000010000000000001
0000001101111001000011000010000000000001
0000001110110000000000001111001000000001
0000001110110001000001000010000000000001
0000001110101001000010000010000000000001
0000001110100001000010000010000000000001
0000001110000000000000001100000000000001
0000001110000111111111110010000000000001
0000000000000000000000000000000000000001
0000001110111000000000001110001000000001
0000001111000000000000001111001000000001
0000001111100001000010000010000000000001
0000001111100010010101110010001001000001
0000001111000010010101110010001000000001
0000001111010001000010000011010000000001
0000001111010010010101110010001001000001
0000001110111010010101110010001000000001
0000000000000000000000000000000000000001
0000001111011000000000001110001000000001
0000001111101000000000001111001000000001
0000001111011001000011000010000000000001
0000001111110000000000001111001000000001
0000001110000001000010000010000000000001
0000010000000000000000001110001000000001
0000001110000001000010000010000000000001
0000001110000001000011000010000000000001
0000001111111000000000001111001000000001
0000001111111001000001000010000000000001
0000001111110001000010000010000000000001
0000001111101001000010000010000000000001
0000010000101010010111010010000000000001
0000010000100010010111100010001000000001
0000010000011010010110100010001000000001
0000010000010010010110110010001000000001
0000010000001010010111000010001000000001
0000010000110000000000001110001000000001
0000010001000010011000100010000000000001
0000010000111010011000110010001000000001
0000010000110010010111110010001000000001
0000010000101010011000000010001000000001
0000010000100010011000010010001000000001
0000010001001000000000001110001000000001
0000010001011010011001110010000000000001
0000010001010010011010000010001000000001
0000010001001010011001000010001000000001
0000010001000010011001010010001000000001
0000010000111010011001100010001000000001
0000010001100000000000001110001000000001
0000010001110010011011000010000000000001
0000010001101010011011010010001000000001
0000010001100010011010010010001000000001
0000010001011010011010100010001000000001
0000010001010010011010110010001000000001
0000010001111000000000001110001000000001
0000010010001010011100010010000000000001
0000010010000010011100100010001000000001
0000010001111010011011100010001000000001
0000010001110010011011110010001000000001
0000010001101010011100000010001000000001
0000010010010000000000001110001000000001
0000001111001001000010000010000000000001
1111111101101000000000000000001000000001
0000010000000001000010000010000000000001
1111111101110000000000000000001000000001
0000010010010010011100110010000000000001
0000010010011000000000001110001000000001
0000010010011000000000001100000000000001
0000010010011111111111110010000000000001
0000000000000000000000000000000000000001
0000001110111000000000001110001000000001
0000001111000000000000001111001000000001
0000010010110001000010000010000000000001
0000010010110010011101000010001001000001
0000001111000010011101000010001000000001
0000010010100001000010000011010000000001
0000010010100010011101000010001001000001
0000001110111010011101000010001000000001
0000000000000000000000000000000000000001
0000010010101000000000001110001000000001
0000010010111000000000001111001000000001
0000010010101001000011000010000000000001
0000010011000000000000001111001000000001
0000010010011001000010000010000000000001
0000010011010000000000001110001000000001
0000010010011001000010000010000000000001
0000010010011001000011000010000000000001
0000010011001000000000001111001000000001
0000010011001001000001000010000000000001
0000010011000001000010000010000000000001
0000010010111001000010000010000000000001
0000010011010001000010000010000000000001
1111111101111000000000000000001000000001
0000000000000000000000000000000000000001
0000000000000000000000000000000000000001
0000000000000000000000000000000000000001
0000000000000000000000000000000000000001
0000000000000000000000000000000000000001
0000000000000000000000000000000000000001
0000000000000000000000000000000000000001
0000000000000000000000000000000000000001
0000000000000000000000000000000000000001
0000000000000000000000000000000000000001
0000000000000000000000000000000000000001
0000000000000000000000000000000000000001
0000000000000000000000000000000000000001
0000000000000000000000000000000000000001
0000000000000000000000000000000000000001
0000000000000000000000000000000000000001
0000000000000000000000000000000000000001
0000000000000000000000000000000000000001
0000000000000000000000000000000000000001
0000000000000000000000000000000000000001
0000000000000000000000000000000000000001
0000000000000000000000000000000000000001
0000000000000000000000000000000000000001
0000000000000000000000000000000000000001
0000000000000000000000000000000000000001
0000000000000000000000000000000000000001
0000000000000000000000000000000000000001
0000000000000000000000000000000000000001
0000000000000000000000000000000000000001
0000000000000000000000000000000000000001
0000000000000000000000000000000000000001
0000000000000000000000000000000000000001
0000000000000000000000000000000000000001
0000000000000000000000000000000000000001
0000000000000000000000000000000000000001
0000000000000000000000000000000000000001
0000000000000000000000000000000000000001
0000000000000000000000000000000000000001
0000000000000000000000000000000000000001
0000000000000000000000000000000000000001
0000000000000000000000000000000000000001
0000000000000000000000000000000000000001
0000000000000000000000000000000000000001
0000000000000000000000000000000000000001
0000000000000000000000000000000000000001
0000000000000000000000000000000000000001
0000000000000000000000000000000000000001
0000000000000000000000000000000000000001
0000000000000000000000000000000000000001
0000000000000000000000000000000000000001
0000000000000000000000000000000000000001
0000000000000000000000000000000000000001
0000000000000000000000000000000000000001
0000000000000000000000000000000000000001
0000000000000000000000000000000000000001
0000000000000000000000000000000000000001
0000000000000000000000000000000000000001
0000000000000000000000000000000000000001
0000000000000000000000000000000000000001
0000000000000000000000000000000000000001
0000000000000000000000000000000000000001
0000000000000000000000000000000000000001
0000000000000000000000000000000000000001
0000000000000000000000000000000000000001
0000000000000000000000000000000000000001
0000000000000000000000000000000000000001
0000000000000000000000000000000000000001
0000000000000000000000000000000000000001
0000000000000000000000000000000000000001
0000000000000000000000000000000000000001
0000000000000000000000000000000000000001
0000000000000000000000000000000000000001
0000000000000000000000000000000000000001
0000000000000000000000000000000000000001
0000000000000000000000000000000000000001
0000000000000000000000000000000000000001
0000000000000000000000000000000000000001
0000000000000000000000000000000000000001
0000000000000000000000000000000000000001
0000000000000000000000000000000000000001
0000000000000000000000000000000000000001
0000000000000000000000000000000000000001
0000000000000000000000000000000000000001
0000000000000000000000000000000000000001
0000000000000000000000000000000000000001
0000000000000000000000000000000000000001
0000000000000000000000000000000000000001
0000000000000000000000000000000000000001
0000000000000000000000000000000000000001
0000000000000000000000000000000000000001
0000000000000000000000000000000000000001
0000000000000000000000000000000000000001
0000000000000000000000000000000000000001
0000000000000000000000000000000000000001
0000000000000000000000000000000000000001
0000000000000000000000000000000000000001
0000000000000000000000000000000000000001
0000000000000000000000000000000000000001
0000000000000000000000000000000000000001
0000000000000000000000000000000000000001
0000000000000000000000000000000000000001
0000000000000000000000000000000000000001
0000000000000000000000000000000000000001
0000000000000000000000000000000000000001
0000000000000000000000000000000000000001
0000000000000000000000000000000000000001
0000000000000000000000000000000000000001
0000000000000000000000000000000000000001
0000000000000000000000000000000000000001
0000000000000000000000000000000000000001
0000000000000000000000000000000000000001
0000000000000000000000000000000000000001
0000000000000000000000000000000000000001
0000000000000000000000000000000000000001
0000000000000000000000000000000000000001
0000000000000000000000000000000000000001
0000000000000000000000000000000000000001
0000000000000000000000000000000000000001
0000000000000000000000000000000000000001
0000000000000000000000000000000000000001
0000000000000000000000000000000000000001
0000000000000000000000000000000000000001
0000000000000000000000000000000000000001
0000000000000000000000000000000000000001
0000000000000000000000000000000000000001
0000000000000000000000000000000000000001
0000000000000000000000000000000000000001
0000000000000000000000000000000000000001
0000000000000000000000000000000000000001
0000000000000000000000000000000000000001
0000000000000000000000000000000000000001
0000000000000000000000000000000000000001
0000000000000000000000000000000000000001
0000000000000000000000000000000000000001
0000000000000000000000000000000000000001
0000000000000000000000000000000000000001
0000000000000000000000000000000000000001
0000000000000000000000000000000000000001
0000000000000000000000000000000000000001
0000000000000000000000000000000000000001
0000000000000000000000000000000000000001
0000000000000000000000000000000000000001
0000000000000000000000000000000000000001
0000000000000000000000000000000000000001
0000000000000000000000000000000000000001
0000000000000000000000000000000000000001
0000000000000000000000000000000000000001
0000000000000000000000000000000000000001
0000000000000000000000000000000000000001
0000000000000000000000000000000000000001
0000000000000000000000000000000000000001
0000000000000000000000000000000000000001
0000000000000000000000000000000000000001
0000000000000000000000000000000000000001
0000000000000000000000000000000000000001
0000000000000000000000000000000000000001
0000000000000000000000000000000000000001
0000000000000000000000000000000000000001
0000000000000000000000000000000000000001
0000000000000000000000000000000000000001
0000000000000000000000000000000000000001
0000000000000000000000000000000000000001
0000000000000000000000000000000000000001
0000000000000000000000000000000000000001
0000000000000000000000000000000000000001
0000000000000000000000000000000000000001
0000000000000000000000000000000000000001
0000000000000000000000000000000000000001
0000000000000000000000000000000000000001
0000000000000000000000000000000000000001
0000000000000000000000000000000000000001
0000000000000000000000000000000000000001
0000000000000000000000000000000000000001
0000000000000000000000000000000000000001
0000000000000000000000000000000000000001
0000000000000000000000000000000000000001
0000000000000000000000000000000000000001
0000000000000000000000000000000000000001
0000000000000000000000000000000000000001
0000000000000000000000000000000000000001
0000000000000000000000000000000000000001
0000000000000000000000000000000000000001
0000000000000000000000000000000000000001
0000000000000000000000000000000000000001
0000000000000000000000000000000000000001
0000000000000000000000000000000000000001
0000000000000000000000000000000000000001
0000000000000000000000000000000000000001
0000000000000000000000000000000000000001
0000000000000000000000000000000000000001
0000000000000000000000000000000000000001
0000000000000000000000000000000000000001
0000000000000000000000000000000000000001
0000000000000000000000000000000000000001
0000000000000000000000000000000000000001
0000000000000000000000000000000000000001
0000000000000000000000000000000000000001
0000000000000000000000000000000000000001
0000000000000000000000000000000000000001
0000000000000000000000000000000000000001
0000000000000000000000000000000000000001
0000000000000000000000000000000000000001
0000000000000000000000000000000000000001
0000000000000000000000000000000000000001
0000000000000000000000000000000000000001
0000000000000000000000000000000000000001
0000000000000000000000000000000000000001
0000000000000000000000000000000000000001
0000000000000000000000000000000000000001
0000000000000000000000000000000000000001
0000000000000000000000000000000000000001
0000000000000000000000000000000000000001
0000000000000000000000000000000000000001
0000000000000000000000000000000000000001
0000000000000000000000000000000000000001
0000000000000000000000000000000000000001
0000000000000000000000000000000000000001
0000000000000000000000000000000000000001
0000000000000000000000000000000000000001
0000000000000000000000000000000000000001
0000000000000000000000000000000000000001
0000000000000000000000000000000000000001
0000000000000000000000000000000000000001
0000000000000000000000000000000000000001
0000000000000000000000000000000000000001
0000000000000000000000000000000000000001
0000000000000000000000000000000000000001
0000000000000000000000000000000000000001
0000000000000000000000000000000000000001
0000000000000000000000000000000000000001
0000000000000000000000000000000000000001
0000000000000000000000000000000000000001
0000000000000000000000000000000000000001
0000000000000000000000000000000000000001
0000000000000000000000000000000000000001
0000000000000000000000000000000000000001
0000000000000000000000000000000000000001
0000000000000000000000000000000000000001
0000000000000000000000000000000000000001
0000000000000000000000000000000000000001
0000000000000000000000000000000000000001
0000000000000000000000000000000000000001
0000000000000000000000000000000000000001
0000000000000000000000000000000000000001
0000000000000000000000000000000000000001
0000000000000000000000000000000000000001
0000000000000000000000000000000000000001
0000000000000000000000000000000000000001
0000000000000000000000000000000000000001
0000000000000000000000000000000000000001
0000000000000000000000000000000000000001
0000000000000000000000000000000000000001
0000000000000000000000000000000000000001
0000000000000000000000000000000000000001
0000000000000000000000000000000000000001
0000000000000000000000000000000000000001
0000000000000000000000000000000000000001
0000000000000000000000000000000000000001
0000000000000000000000000000000000000001
0000000000000000000000000000000000000001
0000000000000000000000000000000000000001
0000000000000000000000000000000000000001
0000000000000000000000000000000000000001
0000000000000000000000000000000000000001
0000000000000000000000000000000000000001
0000000000000000000000000000000000000001
0000000000000000000000000000000000000001
0000000000000000000000000000000000000001
0000000000000000000000000000000000000001
0000000000000000000000000000000000000001
0000000000000000000000000000000000000001
0000000000000000000000000000000000000001
0000000000000000000000000000000000000001
0000000000000000000000000000000000000001
0000000000000000000000000000000000000001
0000000000000000000000000000000000000001
0000000000000000000000000000000000000001
0000000000000000000000000000000000000001
0000000000000000000000000000000000000001
0000000000000000000000000000000000000001
0000000000000000000000000000000000000001
0000000000000000000000000000000000000001
0000000000000000000000000000000000000001
0000000000000000000000000000000000000001
0000000000000000000000000000000000000001
0000000000000000000000000000000000000001
0000000000000000000000000000000000000001
0000000000000000000000000000000000000001
0000000000000000000000000000000000000001
0000000000000000000000000000000000000001
0000000000000000000000000000000000000001
0000000000000000000000000000000000000001
0000000000000000000000000000000000000001
0000000000000000000000000000000000000001
0000000000000000000000000000000000000001
0000000000000000000000000000000000000001
0000000000000000000000000000000000000001
0000000000000000000000000000000000000001
0000000000000000000000000000000000000001
0000000000000000000000000000000000000001
0000000000000000000000000000000000000001
0000000000000000000000000000000000000001
0000000000000000000000000000000000000001
0000000000000000000000000000000000000001
0000000000000000000000000000000000000001
0000000000000000000000000000000000000001
0000000000000000000000000000000000000001
0000000000000000000000000000000000000001
0000000000000000000000000000000000000001
0000000000000000000000000000000000000001
0000000000000000000000000000000000000001
0000000000000000000000000000000000000001
0000000000000000000000000000000000000001
0000000000000000000000000000000000000001
0000000000000000000000000000000000000001
0000000000000000000000000000000000000001
0000000000000000000000000000000000000001
0000000000000000000000000000000000000001
0000000000000000000000000000000000000001
0000000000000000000000000000000000000001
0000000000000000000000000000000000000001
0000000000000000000000000000000000000001
0000000000000000000000000000000000000001
0000000000000000000000000000000000000001
0000000000000000000000000000000000000001
0000000000000000000000000000000000000001
0000000000000000000000000000000000000001
0000000000000000000000000000000000000001
0000000000000000000000000000000000000001
0000000000000000000000000000000000000001
0000000000000000000000000000000000000001
0000000000000000000000000000000000000001
0000000000000000000000000000000000000001
0000000000000000000000000000000000000001
0000000000000000000000000000000000000001
0000000000000000000000000000000000000001
0000000000000000000000000000000000000001
0000000000000000000000000000000000000001
0000000000000000000000000000000000000001
0000000000000000000000000000000000000001
0000000000000000000000000000000000000001
0000000000000000000000000000000000000001
0000000000000000000000000000000000000001
0000000000000000000000000000000000000001
0000000000000000000000000000000000000001
0000000000000000000000000000000000000001
0000000000000000000000000000000000000001
0000000000000000000000000000000000000001
0000000000000000000000000000000000000001
0000000000000000000000000000000000000001
0000000000000000000000000000000000000001
0000000000000000000000000000000000000001
0000000000000000000000000000000000000001
0000000000000000000000000000000000000001
0000000000000000000000000000000000000001
0000000000000000000000000000000000000001
0000000000000000000000000000000000000001
0000000000000000000000000000000000000001
0000000000000000000000000000000000000001
0000000000000000000000000000000000000001
0000000000000000000000000000000000000001
0000000000000000000000000000000000000001
0000000000000000000000000000000000000001
0000000000000000000000000000000000000001
0000000000000000000000000000000000000001
0000000000000000000000000000000000000001
0000000000000000000000000000000000000001
0000000000000000000000000000000000000001
0000000000000000000000000000000000000001
0000000000000000000000000000000000000001
0000000000000000000000000000000000000001
0000000000000000000000000000000000000001
0000000000000000000000000000000000000001
0000000000000000000000000000000000000001
0000000000000000000000000000000000000001
0000000000000000000000000000000000000001
0000000000000000000000000000000000000001
0000000000000000000000000000000000000001
0000000000000000000000000000000000000001
0000000000000000000000000000000000000001
0000000000000000000000000000000000000001
0000000000000000000000000000000000000001
0000000000000000000000000000000000000001
0000000000000000000000000000000000000001
0000000000000000000000000000000000000001
0000000000000000000000000000000000000001
0000000000000000000000000000000000000001
0000000000000000000000000000000000000001
0000000000000000000000000000000000000001
0000000000000000000000000000000000000001
0000000000000000000000000000000000000001
0000000000000000000000000000000000000001
0000000000000000000000000000000000000001
0000000000000000000000000000000000000001
0000000000000000000000000000000000000001
0000000000000000000000000000000000000001
0000000000000000000000000000000000000001
0000000000000000000000000000000000000001
0000000000000000000000000000000000000001
0000000000000000000000000000000000000001
0000000000000000000000000000000000000001
0000000000000000000000000000000000000001
0000000000000000000000000000000000000001
0000000000000000000000000000000000000001
0000000000000000000000000000000000000001
0000000000000000000000000000000000000001
0000000000000000000000000000000000000001
0000000000000000000000000000000000000001
0000000000000000000000000000000000000001
0000000000000000000000000000000000000001
0000000000000000000000000000000000000001
0000000000000000000000000000000000000001
0000000000000000000000000000000000000001
0000000000000000000000000000000000000001
0000000000000000000000000000000000000001
0000000000000000000000000000000000000001
0000000000000000000000000000000000000001
0000000000000000000000000000000000000001
0000000000000000000000000000000000000001
0000000000000000000000000000000000000001
0000000000000000000000000000000000000001
0000000000000000000000000000000000000001
0000000000000000000000000000000000000001
0000000000000000000000000000000000000001
0000000000000000000000000000000000000001
0000000000000000000000000000000000000001
0000000000000000000000000000000000000001
0000000000000000000000000000000000000001
0000000000000000000000000000000000000001
0000000000000000000000000000000000000001
0000000000000000000000000000000000000001
0000000000000000000000000000000000000001
0000000000000000000000000000000000000001
0000000000000000000000000000000000000001
0000000000000000000000000000000000000001
0000000000000000000000000000000000000001
0000000000000000000000000000000000000001
0000000000000000000000000000000000000001
0000000000000000000000000000000000000001
0000000000000000000000000000000000000001
0000000000000000000000000000000000000001
0000000000000000000000000000000000000001
0000000000000000000000000000000000000001
0000000000000000000000000000000000000001
0000000000000000000000000000000000000001
0000000000000000000000000000000000000001
0000000000000000000000000000000000000001
0000000000000000000000000000000000000001
0000000000000000000000000000000000000001
0000000000000000000000000000000000000001
0000000000000000000000000000000000000001
0000000000000000000000000000000000000001
0000000000000000000000000000000000000001
0000000000000000000000000000000000000001
0000000000000000000000000000000000000001
0000000000000000000000000000000000000001
0000000000000000000000000000000000000001
0000000000000000000000000000000000000001
0000000000000000000000000000000000000001
0000000000000000000000000000000000000001
0000000000000000000000000000000000000001
0000000000000000000000000000000000000001
0000000000000000000000000000000000000001
0000000000000000000000000000000000000001
0000000000000000000000000000000000000001
0000000000000000000000000000000000000001
0000000000000000000000000000000000000001
0000000000000000000000000000000000000001
0000000000000000000000000000000000000001
0000000000000000000000000000000000000001
0000000000000000000000000000000000000001
0000000000000000000000000000000000000001
0000000000000000000000000000000000000001
0000000000000000000000000000000000000001
0000000000000000000000000000000000000001
0000000000000000000000000000000000000001
0000000000000000000000000000000000000001
0000000000000000000000000000000000000001
0000000000000000000000000000000000000001
0000000000000000000000000000000000000001
0000000000000000000000000000000000000001
0000000000000000000000000000000000000001
0000000000000000000000000000000000000001
0000000000000000000000000000000000000001
0000000000000000000000000000000000000001
0000000000000000000000000000000000000001
0000000000000000000000000000000000000001
0000000000000000000000000000000000000001
0000000000000000000000000000000000000001
0000000000000000000000000000000000000001
0000000000000000000000000000000000000001
0000000000000000000000000000000000000001
0000000000000000000000000000000000000001
0000000000000000000000000000000000000001
0000000000000000000000000000000000000001
0000000000000000000000000000000000000001
0000000000000000000000000000000000000001
0000000000000000000000000000000000000001
0000000000000000000000000000000000000001
0000000000000000000000000000000000000001
0000000000000000000000000000000000000001
0000000000000000000000000000000000000001
0000000000000000000000000000000000000001
0000000000000000000000000000000000000001
0000000000000000000000000000000000000001
0000000000000000000000000000000000000001
0000000000000000000000000000000000000001
0000000000000000000000000000000000000001
0000000000000000000000000000000000000001
0000000000000000000000000000000000000001
0000000000000000000000000000000000000001
0000000000000000000000000000000000000001
0000000000000000000000000000000000000001
0000000000000000000000000000000000000001
0000000000000000000000000000000000000001
0000000000000000000000000000000000000001
0000000000000000000000000000000000000001
0000000000000000000000000000000000000001
0000000000000000000000000000000000000001
0000000000000000000000000000000000000001
0000000000000000000000000000000000000001
0000000000000000000000000000000000000001
0000000000000000000000000000000000000001
0000000000000000000000000000000000000001
0000000000000000000000000000000000000001
0000000000000000000000000000000000000001
0000000000000000000000000000000000000001
0000000000000000000000000000000000000001
0000000000000000000000000000000000000001
0000000000000000000000000000000000000001
0000000000000000000000000000000000000001
0000000000000000000000000000000000000001
0000000000000000000000000000000000000001
0000000000000000000000000000000000000001
0000000000000000000000000000000000000001
0000000000000000000000000000000000000001
0000000000000000000000000000000000000001
0000000000000000000000000000000000000001
0000000000000000000000000000000000000001
0000000000000000000000000000000000000001
0000000000000000000000000000000000000001
0000000000000000000000000000000000000001
0000000000000000000000000000000000000001
0000000000000000000000000000000000000001
0000000000000000000000000000000000000001
0000000000000000000000000000000000000001
0000000000000000000000000000000000000001
0000000000000000000000000000000000000001
0000000000000000000000000000000000000001
0000000000000000000000000000000000000001
0000000000000000000000000000000000000001
0000000000000000000000000000000000000001
0000000000000000000000000000000000000001
0000000000000000000000000000000000000001
0000000000000000000000000000000000000001
0000000000000000000000000000000000000001
0000000000000000000000000000000000000001
0000000000000000000000000000000000000001
0000000000000000000000000000000000000001
0000000000000000000000000000000000000001
0000000000000000000000000000000000000001
0000000000000000000000000000000000000001
0000000000000000000000000000000000000001
0000000000000000000000000000000000000001
0000000000000000000000000000000000000001
0000000000000000000000000000000000000001
0000000000000000000000000000000000000001
0000000000000000000000000000000000000001
0000000000000000000000000000000000000001
0000000000000000000000000000000000000001
0000000000000000000000000000000000000001
0000000000000000000000000000000000000001
0000000000000000000000000000000000000001
0000000000000000000000000000000000000001
0000000000000000000000000000000000000001
0000000000000000000000000000000000000001
0000000000000000000000000000000000000001
0000000000000000000000000000000000000001
0000000000000000000000000000000000000001
0000000000000000000000000000000000000001
0000000000000000000000000000000000000001
0000000000000000000000000000000000000001
0000000000000000000000000000000000000001
0000000000000000000000000000000000000001
0000000000000000000000000000000000000001
0000000000000000000000000000000000000001
0000000000000000000000000000000000000001
0000000000000000000000000000000000000001
0000000000000000000000000000000000000001
0000000000000000000000000000000000000001
0000000000000000000000000000000000000001
0000000000000000000000000000000000000001
0000000000000000000000000000000000000001
0000000000000000000000000000000000000001
0000000000000000000000000000000000000001
0000000000000000000000000000000000000001
0000000000000000000000000000000000000001
0000000000000000000000000000000000000001
0000000000000000000000000000000000000001
0000000000000000000000000000000000000001
0000000000000000000000000000000000000001
0000000000000000000000000000000000000001
0000000000000000000000000000000000000001
0000000000000000000000000000000000000001
0000000000000000000000000000000000000001
0000000000000000000000000000000000000001
0000000000000000000000000000000000000001
0000000000000000000000000000000000000001
0000000000000000000000000000000000000001
0000000000000000000000000000000000000001
0000000000000000000000000000000000000001
0000000000000000000000000000000000000001
0000000000000000000000000000000000000001
0000000000000000000000000000000000000001
0000000000000000000000000000000000000001
0000000000000000000000000000000000000001
0000000000000000000000000000000000000001
0000000000000000000000000000000000000001
0000000000000000000000000000000000000001
0000000000000000000000000000000000000001
0000000000000000000000000000000000000001
0000000000000000000000000000000000000001
0000000000000000000000000000000000000001
0000000000000000000000000000000000000001
0000000000000000000000000000000000000001
0000000000000000000000000000000000000001
0000000000000000000000000000000000000001
0000000000000000000000000000000000000001
0000000000000000000000000000000000000001
0000000000000000000000000000000000000001
0000000000000000000000000000000000000001
0000000000000000000000000000000000000001
0000000000000000000000000000000000000001
0000000000000000000000000000000000000001
0000000000000000000000000000000000000001
0000000000000000000000000000000000000001
0000000000000000000000000000000000000001
0000000000000000000000000000000000000001
0000000000000000000000000000000000000001
0000000000000000000000000000000000000001
0000000000000000000000000000000000000001
0000000000000000000000000000000000000001
0000000000000000000000000000000000000001
0000000000000000000000000000000000000001
0000000000000000000000000000000000000001
0000000000000000000000000000000000000001
0000000000000000000000000000000000000001
0000000000000000000000000000000000000001
0000000000000000000000000000000000000001
0000000000000000000000000000000000000001
0000000000000000000000000000000000000001
0000000000000000000000000000000000000001
0000000000000000000000000000000000000001
0000000000000000000000000000000000000001
0000000000000000000000000000000000000001
0000000000000000000000000000000000000001
0000000000000000000000000000000000000001
0000000000000000000000000000000000000001
0000000000000000000000000000000000000001
0000000000000000000000000000000000000001
0000000000000000000000000000000000000001
0000000000000000000000000000000000000001
0000000000000000000000000000000000000001
0000000000000000000000000000000000000001
0000000000000000000000000000000000000001
0000000000000000000000000000000000000001
0000000000000000000000000000000000000001
0000000000000000000000000000000000000001
0000000000000000000000000000000000000001
0000000000000000000000000000000000000001
0000000000000000000000000000000000000001
0000000000000000000000000000000000000001
0000000000000000000000000000000000000001
0000000000000000000000000000000000000001
0000000000000000000000000000000000000001
0000000000000000000000000000000000000001
0000000000000000000000000000000000000001
0000000000000000000000000000000000000001
0000000000000000000000000000000000000001
0000000000000000000000000000000000000001
0000000000000000000000000000000000000001
0000000000000000000000000000000000000001
0000000000000000000000000000000000000001
0000000000000000000000000000000000000001
0000000000000000000000000000000000000001
0000000000000000000000000000000000000001
0000000000000000000000000000000000000001
0000000000000000000000000000000000000001
0000000000000000000000000000000000000001
0000000000000000000000000000000000000001
0000000000000000000000000000000000000001
0000000000000000000000000000000000000001
0000000000000000000000000000000000000001
0000000000000000000000000000000000000001
0000000000000000000000000000000000000001
0000000000000000000000000000000000000001
0000000000000000000000000000000000000001
0000000000000000000000000000000000000001
0000000000000000000000000000000000000001
0000000000000000000000000000000000000001
0000000000000000000000000000000000000001
0000000000000000000000000000000000000001
0000000000000000000000000000000000000001
0000000000000000000000000000000000000001
