0000000000000000000000000000000000000001
0000000000010000000000001110100000000001
0000000000000000000000000000000000000001
0000000000101000000000001110100000000001
0000000001010010000000110010000000000001
0000000001001010000001000010001000000001
0000000000111010000000110011010000000001
0000000000110010000001000010001000000001
0000000000010010000000000010001000000001
0000000000001010000000010010001000000001
0000000000000010000000100010001000000001
0000000000000000000000000000000000000001
0000000001000000000000001110001000000001
0000000001011000000000001111001000000001
0000000010000010000000110010000000000001
0000000001111010000001000010001000000001
0000000001101010000000110011010000000001
0000000001100010000001000010001000000001
0000000000101010000000000010001000000001
0000000000100010000000010010001000000001
0000000000011010000000100010001000000001
0000000000000000000000000000000000000001
0000000001110000000000001110001000000001
0000000010001000000000001111001000000001
0000000010110010000010000010000000000001
0000000010101010000010010010001000000001
0000000010011010000010000011010000000001
0000000010010010000010010010001000000001
0000000001000010000001010010001000000001
0000000000111010000001100010001000000001
0000000000110010000001110010001000000001
0000000000000000000000000000000000000001
0000000010100000000000001110001000000001
0000000010111000000000001111001000000001
0000000011100010000010000010000000000001
0000000011011010000010010010001000000001
0000000011001010000010000011010000000001
0000000011000010000010010010001000000001
0000000001110010000001010010001000000001
0000000001101010000001100010001000000001
0000000001100010000001110010001000000001
0000000000000000000000000000000000000001
0000000011010000000000001110001000000001
0000000011101000000000001111001000000001
0000000100010010000011010010000000000001
0000000100001010000011100010001000000001
0000000011111010000011010011010000000001
0000000011110010000011100010001000000001
0000000010100010000010100010001000000001
0000000010011010000010110010001000000001
0000000010010010000011000010001000000001
0000000000000000000000000000000000000001
0000000100000000000000001110001000000001
0000000100011000000000001111001000000001
0000000101000010000011010010000000000001
0000000100111010000011100010001000000001
0000000100101010000011010011010000000001
0000000100100010000011100010001000000001
0000000011010010000010100010001000000001
0000000011001010000010110010001000000001
0000000011000010000011000010001000000001
0000000000000000000000000000000000000001
0000000100110000000000001110001000000001
0000000101001000000000001111001000000001
0000000101110010000100100010000000000001
0000000101101010000100110010001000000001
0000000101011010000100100011010000000001
0000000101010010000100110010001000000001
0000000100000010000011110010001000000001
0000000011111010000100000010001000000001
0000000011110010000100010010001000000001
0000000000000000000000000000000000000001
0000000101100000000000001110001000000001
0000000101111000000000001111001000000001
0000000110100010000100100010000000000001
0000000110011010000100110010001000000001
0000000110001010000100100011010000000001
0000000110000010000100110010001000000001
0000000100110010000011110010001000000001
0000000100101010000100000010001000000001
0000000100100010000100010010001000000001
0000000000000000000000000000000000000001
0000000110010000000000001110001000000001
0000000110101000000000001111001000000001
0000000111010010000101110010000000000001
0000000111001010000110000010001000000001
0000000110111010000101110011010000000001
0000000110110010000110000010001000000001
0000000101100010000101000010001000000001
0000000101011010000101010010001000000001
0000000101010010000101100010001000000001
0000000000000000000000000000000000000001
0000000111000000000000001110001000000001
0000000111011000000000001111001000000001
0000001000000010000101110010000000000001
0000000111111010000110000010001000000001
0000000111101010000101110011010000000001
0000000111100010000110000010001000000001
0000000110010010000101000010001000000001
0000000110001010000101010010001000000001
0000000110000010000101100010001000000001
0000000000000000000000000000000000000001
0000000111110000000000001110001000000001
0000001000001000000000001111001000000001
1111111111110010000110010010000000000001
0000001000100001000010000010001001000001
0000001001000000000000001110001000000001
0000001000110001000010000010000000000001
0000001000100001000010000011010000000001
0000001001000010000110100010001000000001
0000001000101000000000001110001000000001
0000001000101000000000001100000000000001
0000001000111000000000001111001000000001
0000000111000111111111110010000000000001
0000001000010000000000001110001000000001
0000000111110111111111110010000000000001
0000001000011000000000001110001000000001
0000001000010010000110110010000000000001
0000001001011000000000001110001000000001
0000001000011010000110110010000000000001
0000010111011000000000001110001000000001
0000001001101010001000010010000000000001
0000001001100010001000100010001000000001
0000001001011010000111100010001000000001
0000001001010010000111110010001000000001
0000001001001010001000000010001000000001
0000001001110000000000001110001000000001
0000001010000010001000010010000000000001
0000001001111010001000100010001000000001
0000001001110010000111100010001000000001
0000001001101010000111110010001000000001
0000001001100010001000000010001000000001
0000001010001000000000001110001000000001
0000001010011010001000010010000000000001
0000001010010010001000100010001000000001
0000001010001010000111100010001000000001
0000001010000010000111110010001000000001
0000001001111010001000000010001000000001
0000001010100000000000001110001000000001
0000001010100000000000001100000000000001
0000001010100111111111110010000000000001
0000000000000000000000000000000000000001
0000010110101000000000001110001000000001
0000010110110000000000001111001000000001
0000001010111001000010000010000000000001
0000001010111010000111000010001001000001
0000010110110010000111000010001000000001
0000001010101001000010000011010000000001
0000001010101010000111000010001001000001
0000010110101010000111001000001000000001
0000010110101010000111000010001000000001
0000000000000000000000000000000000000001
0000001010110000000000001110001000000001
0000001011000000000000001111001000000001
0000010110111000000000001111011000000001
0000001011001001000010000010000000000001
1111111111110010000111010010001001000001
0000001011010000000000001110001000000001
0000010110111001000010000010001001001001
0000010110111001000010000010000000000001
0000001011010000000000001110001000100111
0000000000000000000000000000000000000001
0000001011010001000010000010000000000001
0000001011100010001001100010000000000001
0000001011011010001001110010001000000001
0000001001011010001000110010001000000001
0000001001010010001001000010001000000001
0000001001001010001001010010001000000001
0000001011101000000000001110001000000001
0000001011111010001001100010000000000001
0000001011110010001001110010001000000001
0000001011101010001000110010001000000001
0000001011100010001001000010001000000001
0000001011011010001001010010001000000001
0000001100000000000000001110001000000001
0000001100010010001001100010000000000001
0000001100001010001001110010001000000001
0000001100000010001000110010001000000001
0000001011111010001001000010001000000001
0000001011110010001001010010001000000001
0000001100011000000000001110001000000001
0000001100011000000000001100000000000001
0000001100011111111111110010000000000001
0000000000000000000000000000000000000001
0000010110101000000000001110001000000001
0000010110110000000000001111001000000001
0000001100110001000010000010000000000001
0000001100110010000111000010001001000001
0000010110110010000111000010001000000001
0000001100100001000010000011010000000001
0000001100100010000111000010001001000001
0000010110101010000111001000001000000001
0000010110101010000111000010001000000001
0000000000000000000000000000000000000001
0000001100101000000000001110001000000001
0000001100111000000000001111001000000001
0000010110111000000000001111011000000001
0000001101000001000010000010000000000001
1111111111110010000111010010001001000001
0000001101001000000000001110001000000001
0000010110111001000010000010001001001001
0000010110111001000010000010000000000001
0000001101001000000000001110001000100111
0000000000000000000000000000000000000001
0000001101001001000010000010000000000001
0000001101011010001010110010000000000001
0000001101010010001011000010001000000001
0000001001011010001010000010001000000001
0000001001010010001010010010001000000001
0000001001001010001010100010001000000001
0000001101100000000000001110001000000001
0000001101110010001010110010000000000001
0000001101101010001011000010001000000001
0000001101100010001010000010001000000001
0000001101011010001010010010001000000001
0000001101010010001010100010001000000001
0000001101111000000000001110001000000001
0000001110001010001010110010000000000001
0000001110000010001011000010001000000001
0000001101111010001010000010001000000001
0000001101110010001010010010001000000001
0000001101101010001010100010001000000001
0000001110010000000000001110001000000001
0000001110010000000000001100000000000001
0000001110010111111111110010000000000001
0000000000000000000000000000000000000001
0000010110101000000000001110001000000001
0000010110110000000000001111001000000001
0000001110101001000010000010000000000001
0000001110101010000111000010001001000001
0000010110110010000111000010001000000001
0000001110011001000010000011010000000001
0000001110011010000111000010001001000001
0000010110101010000111001000001000000001
0000010110101010000111000010001000000001
0000000000000000000000000000000000000001
0000001110100000000000001110001000000001
0000001110110000000000001111001000000001
0000010110111000000000001111011000000001
0000001110111001000010000010000000000001
1111111111110010000111010010001001000001
0000001111000000000000001110001000000001
0000010110111001000010000010001001001001
0000010110111001000010000010000000000001
0000001111000000000000001110001000100111
0000000000000000000000000000000000000001
0000001111000001000010000010000000000001
0000001111010010001100000010000000000001
0000001111001010001100010010001000000001
0000001001011010001011010010001000000001
0000001001010010001011100010001000000001
0000001001001010001011110010001000000001
0000001111011000000000001110001000000001
0000001111101010001100000010000000000001
0000001111100010001100010010001000000001
0000001111011010001011010010001000000001
0000001111010010001011100010001000000001
0000001111001010001011110010001000000001
0000001111110000000000001110001000000001
0000010000000010001100000010000000000001
0000001111111010001100010010001000000001
0000001111110010001011010010001000000001
0000001111101010001011100010001000000001
0000001111100010001011110010001000000001
0000010000001000000000001110001000000001
0000010000001000000000001100000000000001
0000010000001111111111110010000000000001
0000000000000000000000000000000000000001
0000010110101000000000001110001000000001
0000010110110000000000001111001000000001
0000010000100001000010000010000000000001
0000010000100010000111000010001001000001
0000010110110010000111000010001000000001
0000010000010001000010000011010000000001
0000010000010010000111000010001001000001
0000010110101010000111001000001000000001
0000010110101010000111000010001000000001
0000000000000000000000000000000000000001
0000010000011000000000001110001000000001
0000010000101000000000001111001000000001
0000010110111000000000001111011000000001
0000010000110001000010000010000000000001
1111111111110010000111010010001001000001
0000010000111000000000001110001000000001
0000010110111001000010000010001001001001
0000010110111001000010000010000000000001
0000010000111000000000001110001000100111
0000000000000000000000000000000000000001
0000010000111001000010000010000000000001
0000010001001010001101010010000000000001
0000010001000010001101100010001000000001
0000001001011010001100100010001000000001
0000001001010010001100110010001000000001
0000001001001010001101000010001000000001
0000010001010000000000001110001000000001
0000010001100010001101010010000000000001
0000010001011010001101100010001000000001
0000010001010010001100100010001000000001
0000010001001010001100110010001000000001
0000010001000010001101000010001000000001
0000010001101000000000001110001000000001
0000010001111010001101010010000000000001
0000010001110010001101100010001000000001
0000010001101010001100100010001000000001
0000010001100010001100110010001000000001
0000010001011010001101000010001000000001
0000010010000000000000001110001000000001
0000010010000000000000001100000000000001
0000010010000111111111110010000000000001
0000000000000000000000000000000000000001
0000010110101000000000001110001000000001
0000010110110000000000001111001000000001
0000010010011001000010000010000000000001
0000010010011010000111000010001001000001
0000010110110010000111000010001000000001
0000010010001001000010000011010000000001
0000010010001010000111000010001001000001
0000010110101010000111001000001000000001
0000010110101010000111000010001000000001
0000000000000000000000000000000000000001
0000010010010000000000001110001000000001
0000010010100000000000001111001000000001
0000010110111000000000001111011000000001
0000010010101001000010000010000000000001
1111111111110010000111010010001001000001
0000010010110000000000001110001000000001
0000010110111001000010000010001001001001
0000010110111001000010000010000000000001
0000010010110000000000001110001000100111
0000000000000000000000000000000000000001
0000010010110001000010000010000000000001
0000010011000010001110100010000000000001
0000010010111010001110110010001000000001
0000001001011010001101110010001000000001
0000001001010010001110000010001000000001
0000001001001010001110010010001000000001
0000010011001000000000001110001000000001
0000010011011010001110100010000000000001
0000010011010010001110110010001000000001
0000010011001010001101110010001000000001
0000010011000010001110000010001000000001
0000010010111010001110010010001000000001
0000010011100000000000001110001000000001
0000010011110010001110100010000000000001
0000010011101010001110110010001000000001
0000010011100010001101110010001000000001
0000010011011010001110000010001000000001
0000010011010010001110010010001000000001
0000010011111000000000001110001000000001
0000010011111000000000001100000000000001
0000010011111111111111110010000000000001
0000000000000000000000000000000000000001
0000010110101000000000001110001000000001
0000010110110000000000001111001000000001
0000010100010001000010000010000000000001
0000010100010010000111000010001001000001
0000010110110010000111000010001000000001
0000010100000001000010000011010000000001
0000010100000010000111000010001001000001
0000010110101010000111001000001000000001
0000010110101010000111000010001000000001
0000000000000000000000000000000000000001
0000010100001000000000001110001000000001
0000010100011000000000001111001000000001
0000010110111000000000001111011000000001
0000010100100001000010000010000000000001
1111111111110010000111010010001001000001
0000010100101000000000001110001000000001
0000010110111001000010000010001001001001
0000010110111001000010000010000000000001
0000010100101000000000001110001000100111
0000000000000000000000000000000000000001
0000010100101001000010000010000000000001
0000010100111010001111110010000000000001
0000010100110010010000000010001000000001
0000001001011010001111000010001000000001
0000001001010010001111010010001000000001
0000001001001010001111100010001000000001
0000010101000000000000001110001000000001
0000010101010010001111110010000000000001
0000010101001010010000000010001000000001
0000010101000010001111000010001000000001
0000010100111010001111010010001000000001
0000010100110010001111100010001000000001
0000010101011000000000001110001000000001
0000010101101010001111110010000000000001
0000010101100010010000000010001000000001
0000010101011010001111000010001000000001
0000010101010010001111010010001000000001
0000010101001010001111100010001000000001
0000010101110000000000001110001000000001
0000010101110000000000001100000000000001
0000010101110111111111110010000000000001
0000000000000000000000000000000000000001
0000010110101000000000001110001000000001
0000010110110000000000001111001000000001
0000010110001001000010000010000000000001
0000010110001010000111000010001001000001
0000010110110010000111000010001000000001
0000010101111001000010000011010000000001
0000010101111010000111000010001001000001
0000010110101010000111001000001000000001
0000010110101010000111000010001000000001
0000000000000000000000000000000000000001
0000010110000000000000001110001000000001
0000010110010000000000001111001000000001
0000010110111000000000001111011000000001
0000010110011001000010000010000000000001
1111111111110010000111010010001001000001
0000010110100000000000001110001000000001
0000010110111001000010000010001001001001
0000010110111001000010000010000000000001
0000010110100000000000001110001000100111
0000000000000000000000000000000000000001
0000010110100001000010000010000000000001
0000001001011001000010000010000000000001
0000010111000000000000001110001000000001
0000000000000000000000000000000000000001
0000010111101010010001100010000000000001
0000010111100010010001110010001000000001
0000010111011010010000110010001000000001
0000010111010010010001000010001000000001
0000010111001010010001010010001000000001
0000010111110000000000001110001000000001
0000011000000010010001100010000000000001
0000010111111010010001110010001000000001
0000010111110010010000110010001000000001
0000010111101010010001000010001000000001
0000010111100010010001010010001000000001
0000011000001000000000001110001000000001
0000011000011010010001100010000000000001
0000011000010010010001110010001000000001
0000011000001010010000110010001000000001
0000011000000010010001000010001000000001
0000010111111010010001010010001000000001
0000011000100000000000001110001000000001
0000011000100000000000001100000000000001
0000011000100111111111110010000000000001
0000000000000000000000000000000000000001
0000010110101000000000001110001000000001
0000010110110000000000001111001000000001
0000011000111001000010000010000000000001
0000011000111010010000010010001001000001
0000010110110010010000010010001000000001
0000011000101001000010000011010000000001
0000011000101010010000010010001001000001
0000010110101010010000011000001000000001
0000010110101010010000010010001000000001
0000000000000000000000000000000000000001
0000011000110000000000001110001000000001
0000011001000000000000001111001000000001
0000010110111000000000001111011000000001
0000011001001001000010000010000000000001
1111111111110010010000100010001001000001
0000011001010000000000001110001000000001
0000010110111001000010000010001001001001
0000010110111001000010000010000000000001
0000011001010000000000001110001000100111
0000000000000000000000000000000000000001
0000011001010001000010000010000000000001
0000011001100010010010110010000000000001
0000011001011010010011000010001000000001
0000010111011010010010000010001000000001
0000010111010010010010010010001000000001
0000010111001010010010100010001000000001
0000011001101000000000001110001000000001
0000011001111010010010110010000000000001
0000011001110010010011000010001000000001
0000011001101010010010000010001000000001
0000011001100010010010010010001000000001
0000011001011010010010100010001000000001
0000011010000000000000001110001000000001
0000011010010010010010110010000000000001
0000011010001010010011000010001000000001
0000011010000010010010000010001000000001
0000011001111010010010010010001000000001
0000011001110010010010100010001000000001
0000011010011000000000001110001000000001
0000011010011000000000001100000000000001
0000011010011111111111110010000000000001
0000000000000000000000000000000000000001
0000010110101000000000001110001000000001
0000010110110000000000001111001000000001
0000011010110001000010000010000000000001
0000011010110010010000010010001001000001
0000010110110010010000010010001000000001
0000011010100001000010000011010000000001
0000011010100010010000010010001001000001
0000010110101010010000011000001000000001
0000010110101010010000010010001000000001
0000000000000000000000000000000000000001
0000011010101000000000001110001000000001
0000011010111000000000001111001000000001
0000010110111000000000001111011000000001
0000011011000001000010000010000000000001
1111111111110010010000100010001001000001
0000011011001000000000001110001000000001
0000010110111001000010000010001001001001
0000010110111001000010000010000000000001
0000011011001000000000001110001000100111
0000000000000000000000000000000000000001
0000011011001001000010000010000000000001
0000011011011010010100000010000000000001
0000011011010010010100010010001000000001
0000010111011010010011010010001000000001
0000010111010010010011100010001000000001
0000010111001010010011110010001000000001
0000011011100000000000001110001000000001
0000011011110010010100000010000000000001
0000011011101010010100010010001000000001
0000011011100010010011010010001000000001
0000011011011010010011100010001000000001
0000011011010010010011110010001000000001
0000011011111000000000001110001000000001
0000011100001010010100000010000000000001
0000011100000010010100010010001000000001
0000011011111010010011010010001000000001
0000011011110010010011100010001000000001
0000011011101010010011110010001000000001
0000011100010000000000001110001000000001
0000011100010000000000001100000000000001
0000011100010111111111110010000000000001
0000000000000000000000000000000000000001
0000010110101000000000001110001000000001
0000010110110000000000001111001000000001
0000011100101001000010000010000000000001
0000011100101010010000010010001001000001
0000010110110010010000010010001000000001
0000011100011001000010000011010000000001
0000011100011010010000010010001001000001
0000010110101010010000011000001000000001
0000010110101010010000010010001000000001
0000000000000000000000000000000000000001
0000011100100000000000001110001000000001
0000011100110000000000001111001000000001
0000010110111000000000001111011000000001
0000011100111001000010000010000000000001
1111111111110010010000100010001001000001
0000011101000000000000001110001000000001
0000010110111001000010000010001001001001
0000010110111001000010000010000000000001
0000011101000000000000001110001000100111
0000000000000000000000000000000000000001
0000011101000001000010000010000000000001
0000011101010010010101010010000000000001
0000011101001010010101100010001000000001
0000010111011010010100100010001000000001
0000010111010010010100110010001000000001
0000010111001010010101000010001000000001
0000011101011000000000001110001000000001
0000011101101010010101010010000000000001
0000011101100010010101100010001000000001
0000011101011010010100100010001000000001
0000011101010010010100110010001000000001
0000011101001010010101000010001000000001
0000011101110000000000001110001000000001
0000011110000010010101010010000000000001
0000011101111010010101100010001000000001
0000011101110010010100100010001000000001
0000011101101010010100110010001000000001
0000011101100010010101000010001000000001
0000011110001000000000001110001000000001
0000011110001000000000001100000000000001
0000011110001111111111110010000000000001
0000000000000000000000000000000000000001
0000010110101000000000001110001000000001
0000010110110000000000001111001000000001
0000011110100001000010000010000000000001
0000011110100010010000010010001001000001
0000010110110010010000010010001000000001
0000011110010001000010000011010000000001
0000011110010010010000010010001001000001
0000010110101010010000011000001000000001
0000010110101010010000010010001000000001
0000000000000000000000000000000000000001
0000011110011000000000001110001000000001
0000011110101000000000001111001000000001
0000010110111000000000001111011000000001
0000011110110001000010000010000000000001
1111111111110010010000100010001001000001
0000011110111000000000001110001000000001
0000010110111001000010000010001001001001
0000010110111001000010000010000000000001
0000011110111000000000001110001000100111
0000000000000000000000000000000000000001
0000011110111001000010000010000000000001
0000011111001010010110100010000000000001
0000011111000010010110110010001000000001
0000010111011010010101110010001000000001
0000010111010010010110000010001000000001
0000010111001010010110010010001000000001
0000011111010000000000001110001000000001
0000011111100010010110100010000000000001
0000011111011010010110110010001000000001
0000011111010010010101110010001000000001
0000011111001010010110000010001000000001
0000011111000010010110010010001000000001
0000011111101000000000001110001000000001
0000011111111010010110100010000000000001
0000011111110010010110110010001000000001
0000011111101010010101110010001000000001
0000011111100010010110000010001000000001
0000011111011010010110010010001000000001
0000100000000000000000001110001000000001
0000100000000000000000001100000000000001
0000100000000111111111110010000000000001
0000000000000000000000000000000000000001
0000010110101000000000001110001000000001
0000010110110000000000001111001000000001
0000100000011001000010000010000000000001
0000100000011010010000010010001001000001
0000010110110010010000010010001000000001
0000100000001001000010000011010000000001
0000100000001010010000010010001001000001
0000010110101010010000011000001000000001
0000010110101010010000010010001000000001
0000000000000000000000000000000000000001
0000100000010000000000001110001000000001
0000100000100000000000001111001000000001
0000010110111000000000001111011000000001
0000100000101001000010000010000000000001
1111111111110010010000100010001001000001
0000100000110000000000001110001000000001
0000010110111001000010000010001001001001
0000010110111001000010000010000000000001
0000100000110000000000001110001000100111
0000000000000000000000000000000000000001
0000100000110001000010000010000000000001
0000100001000010010111110010000000000001
0000100000111010011000000010001000000001
0000010111011010010111000010001000000001
0000010111010010010111010010001000000001
0000010111001010010111100010001000000001
0000100001001000000000001110001000000001
0000100001011010010111110010000000000001
0000100001010010011000000010001000000001
0000100001001010010111000010001000000001
0000100001000010010111010010001000000001
0000100000111010010111100010001000000001
0000100001100000000000001110001000000001
0000100001110010010111110010000000000001
0000100001101010011000000010001000000001
0000100001100010010111000010001000000001
0000100001011010010111010010001000000001
0000100001010010010111100010001000000001
0000100001111000000000001110001000000001
0000100001111000000000001100000000000001
0000100001111111111111110010000000000001
0000000000000000000000000000000000000001
0000010110101000000000001110001000000001
0000010110110000000000001111001000000001
0000100010010001000010000010000000000001
0000100010010010010000010010001001000001
0000010110110010010000010010001000000001
0000100010000001000010000011010000000001
0000100010000010010000010010001001000001
0000010110101010010000011000001000000001
0000010110101010010000010010001000000001
0000000000000000000000000000000000000001
0000100010001000000000001110001000000001
0000100010011000000000001111001000000001
0000010110111000000000001111011000000001
0000100010100001000010000010000000000001
1111111111110010010000100010001001000001
0000100010101000000000001110001000000001
0000010110111001000010000010001001001001
0000010110111001000010000010000000000001
0000100010101000000000001110001000100111
0000000000000000000000000000000000000001
0000100010101001000010000010000000000001
0000100010111010011001000010000000000001
0000100010110010011001010010001000000001
0000010111011010011000010010001000000001
0000010111010010011000100010001000000001
0000010111001010011000110010001000000001
0000100011000000000000001110001000000001
0000100011010010011001000010000000000001
0000100011001010011001010010001000000001
0000100011000010011000010010001000000001
0000100010111010011000100010001000000001
0000100010110010011000110010001000000001
0000100011011000000000001110001000000001
0000100011101010011001000010000000000001
0000100011100010011001010010001000000001
0000100011011010011000010010001000000001
0000100011010010011000100010001000000001
0000100011001010011000110010001000000001
0000100011110000000000001110001000000001
0000100011110000000000001100000000000001
0000100011110111111111110010000000000001
0000000000000000000000000000000000000001
0000010110101000000000001110001000000001
0000010110110000000000001111001000000001
0000100100001001000010000010000000000001
0000100100001010010000010010001001000001
0000010110110010010000010010001000000001
0000100011111001000010000011010000000001
0000100011111010010000010010001001000001
0000010110101010010000011000001000000001
0000010110101010010000010010001000000001
0000000000000000000000000000000000000001
0000100100000000000000001110001000000001
0000100100010000000000001111001000000001
0000010110111000000000001111011000000001
0000100100011001000010000010000000000001
1111111111110010010000100010001001000001
0000100100100000000000001110001000000001
0000010110111001000010000010001001001001
0000010110111001000010000010000000000001
0000100100100000000000001110001000100111
0000000000000000000000000000000000000001
0000100100100001000010000010000000000001
0000010111011001000010000010000000000001
0000100100101000000000001110001000000001
0000000000000000000000000000000000000001
0000010111000001000010000010000000000001
1111111101101000000000000000001000000001
0000100100101001000010000010000000000001
1111111101110000000000000000001000000001
0000000000000000000000000000000000000001
0000000000000000000000000000000000000001
0000000000000000000000000000000000000001
0000000000000000000000000000000000000001
0000000000000000000000000000000000000001
0000000000000000000000000000000000000001
0000000000000000000000000000000000000001
0000000000000000000000000000000000000001
0000000000000000000000000000000000000001
0000000000000000000000000000000000000001
0000000000000000000000000000000000000001
0000000000000000000000000000000000000001
0000000000000000000000000000000000000001
0000000000000000000000000000000000000001
0000000000000000000000000000000000000001
0000000000000000000000000000000000000001
0000000000000000000000000000000000000001
0000000000000000000000000000000000000001
0000000000000000000000000000000000000001
0000000000000000000000000000000000000001
0000000000000000000000000000000000000001
0000000000000000000000000000000000000001
0000000000000000000000000000000000000001
0000000000000000000000000000000000000001
0000000000000000000000000000000000000001
0000000000000000000000000000000000000001
0000000000000000000000000000000000000001
0000000000000000000000000000000000000001
0000000000000000000000000000000000000001
0000000000000000000000000000000000000001
0000000000000000000000000000000000000001
0000000000000000000000000000000000000001
0000000000000000000000000000000000000001
0000000000000000000000000000000000000001
0000000000000000000000000000000000000001
0000000000000000000000000000000000000001
0000000000000000000000000000000000000001
0000000000000000000000000000000000000001
0000000000000000000000000000000000000001
0000000000000000000000000000000000000001
0000000000000000000000000000000000000001
0000000000000000000000000000000000000001
0000000000000000000000000000000000000001
0000000000000000000000000000000000000001
0000000000000000000000000000000000000001
0000000000000000000000000000000000000001
0000000000000000000000000000000000000001
0000000000000000000000000000000000000001
0000000000000000000000000000000000000001
0000000000000000000000000000000000000001
0000000000000000000000000000000000000001
0000000000000000000000000000000000000001
0000000000000000000000000000000000000001
0000000000000000000000000000000000000001
0000000000000000000000000000000000000001
0000000000000000000000000000000000000001
0000000000000000000000000000000000000001
0000000000000000000000000000000000000001
0000000000000000000000000000000000000001
0000000000000000000000000000000000000001
0000000000000000000000000000000000000001
0000000000000000000000000000000000000001
0000000000000000000000000000000000000001
0000000000000000000000000000000000000001
0000000000000000000000000000000000000001
0000000000000000000000000000000000000001
0000000000000000000000000000000000000001
0000000000000000000000000000000000000001
0000000000000000000000000000000000000001
0000000000000000000000000000000000000001
0000000000000000000000000000000000000001
0000000000000000000000000000000000000001
0000000000000000000000000000000000000001
0000000000000000000000000000000000000001
0000000000000000000000000000000000000001
0000000000000000000000000000000000000001
0000000000000000000000000000000000000001
0000000000000000000000000000000000000001
0000000000000000000000000000000000000001
0000000000000000000000000000000000000001
0000000000000000000000000000000000000001
0000000000000000000000000000000000000001
0000000000000000000000000000000000000001
0000000000000000000000000000000000000001
0000000000000000000000000000000000000001
0000000000000000000000000000000000000001
0000000000000000000000000000000000000001
0000000000000000000000000000000000000001
0000000000000000000000000000000000000001
0000000000000000000000000000000000000001
0000000000000000000000000000000000000001
0000000000000000000000000000000000000001
0000000000000000000000000000000000000001
0000000000000000000000000000000000000001
0000000000000000000000000000000000000001
0000000000000000000000000000000000000001
0000000000000000000000000000000000000001
0000000000000000000000000000000000000001
0000000000000000000000000000000000000001
0000000000000000000000000000000000000001
0000000000000000000000000000000000000001
0000000000000000000000000000000000000001
0000000000000000000000000000000000000001
0000000000000000000000000000000000000001
0000000000000000000000000000000000000001
0000000000000000000000000000000000000001
0000000000000000000000000000000000000001
0000000000000000000000000000000000000001
0000000000000000000000000000000000000001
0000000000000000000000000000000000000001
0000000000000000000000000000000000000001
0000000000000000000000000000000000000001
0000000000000000000000000000000000000001
0000000000000000000000000000000000000001
0000000000000000000000000000000000000001
0000000000000000000000000000000000000001
0000000000000000000000000000000000000001
0000000000000000000000000000000000000001
0000000000000000000000000000000000000001
0000000000000000000000000000000000000001
0000000000000000000000000000000000000001
0000000000000000000000000000000000000001
0000000000000000000000000000000000000001
0000000000000000000000000000000000000001
0000000000000000000000000000000000000001
0000000000000000000000000000000000000001
0000000000000000000000000000000000000001
0000000000000000000000000000000000000001
0000000000000000000000000000000000000001
0000000000000000000000000000000000000001
0000000000000000000000000000000000000001
0000000000000000000000000000000000000001
0000000000000000000000000000000000000001
0000000000000000000000000000000000000001
0000000000000000000000000000000000000001
0000000000000000000000000000000000000001
0000000000000000000000000000000000000001
0000000000000000000000000000000000000001
0000000000000000000000000000000000000001
0000000000000000000000000000000000000001
0000000000000000000000000000000000000001
0000000000000000000000000000000000000001
0000000000000000000000000000000000000001
0000000000000000000000000000000000000001
0000000000000000000000000000000000000001
0000000000000000000000000000000000000001
0000000000000000000000000000000000000001
0000000000000000000000000000000000000001
0000000000000000000000000000000000000001
0000000000000000000000000000000000000001
0000000000000000000000000000000000000001
0000000000000000000000000000000000000001
0000000000000000000000000000000000000001
0000000000000000000000000000000000000001
0000000000000000000000000000000000000001
0000000000000000000000000000000000000001
0000000000000000000000000000000000000001
0000000000000000000000000000000000000001
0000000000000000000000000000000000000001
0000000000000000000000000000000000000001
0000000000000000000000000000000000000001
0000000000000000000000000000000000000001
0000000000000000000000000000000000000001
0000000000000000000000000000000000000001
0000000000000000000000000000000000000001
0000000000000000000000000000000000000001
0000000000000000000000000000000000000001
0000000000000000000000000000000000000001
0000000000000000000000000000000000000001
0000000000000000000000000000000000000001
0000000000000000000000000000000000000001
0000000000000000000000000000000000000001
0000000000000000000000000000000000000001
0000000000000000000000000000000000000001
0000000000000000000000000000000000000001
0000000000000000000000000000000000000001
0000000000000000000000000000000000000001
0000000000000000000000000000000000000001
0000000000000000000000000000000000000001
0000000000000000000000000000000000000001
0000000000000000000000000000000000000001
0000000000000000000000000000000000000001
0000000000000000000000000000000000000001
0000000000000000000000000000000000000001
0000000000000000000000000000000000000001
0000000000000000000000000000000000000001
0000000000000000000000000000000000000001
0000000000000000000000000000000000000001
0000000000000000000000000000000000000001
0000000000000000000000000000000000000001
0000000000000000000000000000000000000001
0000000000000000000000000000000000000001
0000000000000000000000000000000000000001
0000000000000000000000000000000000000001
0000000000000000000000000000000000000001
0000000000000000000000000000000000000001
0000000000000000000000000000000000000001
0000000000000000000000000000000000000001
0000000000000000000000000000000000000001
0000000000000000000000000000000000000001
0000000000000000000000000000000000000001
0000000000000000000000000000000000000001
0000000000000000000000000000000000000001
0000000000000000000000000000000000000001
0000000000000000000000000000000000000001
0000000000000000000000000000000000000001
0000000000000000000000000000000000000001
0000000000000000000000000000000000000001
0000000000000000000000000000000000000001
0000000000000000000000000000000000000001
0000000000000000000000000000000000000001
0000000000000000000000000000000000000001
0000000000000000000000000000000000000001
0000000000000000000000000000000000000001
0000000000000000000000000000000000000001
0000000000000000000000000000000000000001
0000000000000000000000000000000000000001
0000000000000000000000000000000000000001
0000000000000000000000000000000000000001
0000000000000000000000000000000000000001
0000000000000000000000000000000000000001
0000000000000000000000000000000000000001
0000000000000000000000000000000000000001
0000000000000000000000000000000000000001
0000000000000000000000000000000000000001
0000000000000000000000000000000000000001
0000000000000000000000000000000000000001
0000000000000000000000000000000000000001
0000000000000000000000000000000000000001
0000000000000000000000000000000000000001
0000000000000000000000000000000000000001
0000000000000000000000000000000000000001
0000000000000000000000000000000000000001
0000000000000000000000000000000000000001
0000000000000000000000000000000000000001
0000000000000000000000000000000000000001
0000000000000000000000000000000000000001
0000000000000000000000000000000000000001
0000000000000000000000000000000000000001
0000000000000000000000000000000000000001
0000000000000000000000000000000000000001
0000000000000000000000000000000000000001
0000000000000000000000000000000000000001
0000000000000000000000000000000000000001
0000000000000000000000000000000000000001
0000000000000000000000000000000000000001
0000000000000000000000000000000000000001
0000000000000000000000000000000000000001
0000000000000000000000000000000000000001
0000000000000000000000000000000000000001
0000000000000000000000000000000000000001
0000000000000000000000000000000000000001
0000000000000000000000000000000000000001
0000000000000000000000000000000000000001
0000000000000000000000000000000000000001
0000000000000000000000000000000000000001
0000000000000000000000000000000000000001
0000000000000000000000000000000000000001
0000000000000000000000000000000000000001
0000000000000000000000000000000000000001
0000000000000000000000000000000000000001
0000000000000000000000000000000000000001
0000000000000000000000000000000000000001
0000000000000000000000000000000000000001
0000000000000000000000000000000000000001
0000000000000000000000000000000000000001
0000000000000000000000000000000000000001
0000000000000000000000000000000000000001
0000000000000000000000000000000000000001
0000000000000000000000000000000000000001
0000000000000000000000000000000000000001
0000000000000000000000000000000000000001
0000000000000000000000000000000000000001
0000000000000000000000000000000000000001
0000000000000000000000000000000000000001
0000000000000000000000000000000000000001
0000000000000000000000000000000000000001
0000000000000000000000000000000000000001
0000000000000000000000000000000000000001
0000000000000000000000000000000000000001
0000000000000000000000000000000000000001
0000000000000000000000000000000000000001
0000000000000000000000000000000000000001
0000000000000000000000000000000000000001
0000000000000000000000000000000000000001
0000000000000000000000000000000000000001
0000000000000000000000000000000000000001
0000000000000000000000000000000000000001
0000000000000000000000000000000000000001
0000000000000000000000000000000000000001
0000000000000000000000000000000000000001
0000000000000000000000000000000000000001
0000000000000000000000000000000000000001
0000000000000000000000000000000000000001
0000000000000000000000000000000000000001
0000000000000000000000000000000000000001
0000000000000000000000000000000000000001
0000000000000000000000000000000000000001
0000000000000000000000000000000000000001
0000000000000000000000000000000000000001
0000000000000000000000000000000000000001
0000000000000000000000000000000000000001
0000000000000000000000000000000000000001
0000000000000000000000000000000000000001
0000000000000000000000000000000000000001
