0000000001
001000E801
0000000001
002800E801
0052032001
004A042201
003A033401
0032042201
0012002201
000A012201
0002022201
0000000001
004000E201
005800F201
0082032001
007A042201
006A033401
0062042201
002A002201
0022012201
001A022201
0000000001
007000E201
008800F201
00B2082001
00AA092201
009A083401
0092092201
0042052201
003A062201
0032072201
0000000001
00A000E201
00B800F201
00E2082001
00DA092201
00CA083401
00C2092201
0072052201
006A062201
0062072201
0000000001
00D000E201
00E800F201
01120D2001
010A0E2201
00FA0D3401
00F20E2201
00A20A2201
009A0B2201
00920C2201
0000000001
010000E201
011800F201
01420D2001
013A0E2201
012A0D3401
01220E2201
00D20A2201
00CA0B2201
00C20C2201
0000000001
013000E201
014800F201
0172122001
016A132201
015A123401
0152132201
01020F2201
00FA102201
00F2112201
0000000001
016000E201
017800F201
01A2122001
019A132201
018A123401
0182132201
01320F2201
012A102201
0122112201
0000000001
019000E201
01A800F201
01D2172001
01CA182201
01BA173401
01B2182201
0162142201
015A152201
0152162201
0000000001
01C000E201
01D800F201
0202172001
01FA182201
01EA173401
01E2182201
0192142201
018A152201
0182162201
0000000001
01F000E201
020800F201
FFF2192001
0221082241
024000E201
0231082001
0221083401
02421A2201
022800E201
022800C001
023800F201
01C7FF2001
021000E201
01F7FF2001
021800E201
02121B2001
024800E201
021A1B2001
025000E201
0249082001
FF68000201
0251082001
FF70000201
0000000001
0000000001
0000000001
0000000001
0000000001
0000000001
0000000001
0000000001
0000000001
0000000001
0000000001
0000000001
0000000001
0000000001
0000000001
0000000001
0000000001
0000000001
0000000001
0000000001
0000000001
0000000001
0000000001
0000000001
0000000001
0000000001
0000000001
0000000001
0000000001
0000000001
0000000001
0000000001
0000000001
0000000001
0000000001
0000000001
0000000001
0000000001
0000000001
0000000001
0000000001
0000000001
0000000001
0000000001
0000000001
0000000001
0000000001
0000000001
0000000001
0000000001
0000000001
0000000001
0000000001
0000000001
0000000001
0000000001
0000000001
0000000001
0000000001
0000000001
0000000001
0000000001
0000000001
0000000001
0000000001
0000000001
0000000001
0000000001
0000000001
0000000001
0000000001
0000000001
0000000001
0000000001
0000000001
0000000001
0000000001
0000000001
0000000001
0000000001
0000000001
0000000001
0000000001
0000000001
0000000001
0000000001
0000000001
0000000001
0000000001
0000000001
0000000001
0000000001
0000000001
0000000001
0000000001
0000000001
0000000001
0000000001
0000000001
0000000001
0000000001
0000000001
0000000001
0000000001
0000000001
0000000001
0000000001
0000000001
0000000001
0000000001
0000000001
0000000001
0000000001
0000000001
0000000001
0000000001
0000000001
0000000001
0000000001
0000000001
0000000001
0000000001
0000000001
0000000001
0000000001
0000000001
0000000001
0000000001
0000000001
0000000001
0000000001
0000000001
0000000001
0000000001
0000000001
0000000001
0000000001
0000000001
0000000001
0000000001
0000000001
0000000001
0000000001
0000000001
0000000001
0000000001
0000000001
0000000001
0000000001
0000000001
0000000001
0000000001
0000000001
0000000001
0000000001
0000000001
0000000001
0000000001
0000000001
0000000001
0000000001
0000000001
0000000001
0000000001
0000000001
0000000001
0000000001
0000000001
0000000001
0000000001
0000000001
0000000001
0000000001
0000000001
0000000001
0000000001
0000000001
0000000001
0000000001
0000000001
0000000001
0000000001
0000000001
0000000001
0000000001
0000000001
0000000001
0000000001
0000000001
0000000001
0000000001
0000000001
0000000001
0000000001
0000000001
0000000001
0000000001
0000000001
0000000001
0000000001
0000000001
0000000001
0000000001
0000000001
0000000001
0000000001
0000000001
0000000001
0000000001
0000000001
0000000001
0000000001
0000000001
0000000001
0000000001
0000000001
0000000001
0000000001
0000000001
0000000001
0000000001
0000000001
0000000001
0000000001
0000000001
0000000001
0000000001
0000000001
0000000001
0000000001
0000000001
0000000001
0000000001
0000000001
0000000001
0000000001
0000000001
0000000001
0000000001
0000000001
0000000001
0000000001
0000000001
0000000001
0000000001
0000000001
0000000001
0000000001
0000000001
0000000001
0000000001
0000000001
0000000001
0000000001
0000000001
0000000001
0000000001
0000000001
0000000001
0000000001
0000000001
0000000001
0000000001
0000000001
0000000001
0000000001
0000000001
0000000001
0000000001
0000000001
0000000001
0000000001
0000000001
0000000001
0000000001
0000000001
0000000001
0000000001
0000000001
0000000001
0000000001
0000000001
0000000001
0000000001
0000000001
0000000001
0000000001
0000000001
0000000001
0000000001
0000000001
0000000001
0000000001
0000000001
0000000001
0000000001
0000000001
0000000001
0000000001
0000000001
0000000001
0000000001
0000000001
0000000001
0000000001
0000000001
0000000001
0000000001
0000000001
0000000001
0000000001
0000000001
0000000001
0000000001
0000000001
0000000001
0000000001
0000000001
0000000001
0000000001
0000000001
0000000001
0000000001
0000000001
0000000001
0000000001
0000000001
0000000001
0000000001
0000000001
0000000001
0000000001
0000000001
0000000001
0000000001
0000000001
0000000001
0000000001
0000000001
0000000001
0000000001
0000000001
0000000001
0000000001
0000000001
0000000001
0000000001
0000000001
0000000001
0000000001
0000000001
0000000001
0000000001
0000000001
0000000001
0000000001
0000000001
0000000001
0000000001
0000000001
0000000001
0000000001
0000000001
0000000001
0000000001
0000000001
0000000001
0000000001
0000000001
0000000001
0000000001
0000000001
0000000001
0000000001
0000000001
0000000001
0000000001
0000000001
0000000001
0000000001
0000000001
0000000001
0000000001
0000000001
0000000001
0000000001
0000000001
0000000001
0000000001
0000000001
0000000001
0000000001
0000000001
0000000001
0000000001
0000000001
0000000001
0000000001
0000000001
0000000001
0000000001
0000000001
0000000001
0000000001
0000000001
0000000001
0000000001
0000000001
0000000001
0000000001
0000000001
0000000001
0000000001
0000000001
0000000001
0000000001
0000000001
0000000001
0000000001
0000000001
0000000001
0000000001
0000000001
0000000001
0000000001
0000000001
0000000001
0000000001
0000000001
0000000001
0000000001
0000000001
0000000001
0000000001
0000000001
0000000001
0000000001
0000000001
0000000001
0000000001
0000000001
0000000001
0000000001
0000000001
0000000001
0000000001
0000000001
0000000001
0000000001
0000000001
0000000001
0000000001
0000000001
0000000001
0000000001
0000000001
0000000001
0000000001
0000000001
0000000001
0000000001
0000000001
0000000001
0000000001
0000000001
0000000001
0000000001
0000000001
0000000001
0000000001
0000000001
0000000001
0000000001
0000000001
0000000001
0000000001
0000000001
0000000001
0000000001
0000000001
0000000001
0000000001
0000000001
0000000001
0000000001
0000000001
0000000001
0000000001
0000000001
0000000001
0000000001
0000000001
0000000001
0000000001
0000000001
0000000001
0000000001
0000000001
0000000001
0000000001
0000000001
0000000001
0000000001
0000000001
0000000001
0000000001
0000000001
0000000001
0000000001
0000000001
0000000001
0000000001
0000000001
0000000001
0000000001
0000000001
0000000001
0000000001
0000000001
0000000001
0000000001
0000000001
0000000001
0000000001
0000000001
0000000001
0000000001
0000000001
0000000001
0000000001
0000000001
0000000001
0000000001
0000000001
0000000001
0000000001
0000000001
0000000001
0000000001
0000000001
0000000001
0000000001
0000000001
0000000001
0000000001
0000000001
0000000001
0000000001
0000000001
0000000001
0000000001
0000000001
0000000001
0000000001
0000000001
0000000001
0000000001
0000000001
0000000001
0000000001
0000000001
0000000001
0000000001
0000000001
0000000001
0000000001
0000000001
0000000001
0000000001
0000000001
0000000001
0000000001
0000000001
0000000001
0000000001
0000000001
0000000001
0000000001
0000000001
0000000001
0000000001
0000000001
0000000001
0000000001
0000000001
0000000001
0000000001
0000000001
0000000001
0000000001
0000000001
0000000001
0000000001
0000000001
0000000001
0000000001
0000000001
0000000001
0000000001
0000000001
0000000001
0000000001
0000000001
0000000001
0000000001
0000000001
0000000001
0000000001
0000000001
0000000001
0000000001
0000000001
0000000001
0000000001
0000000001
0000000001
0000000001
0000000001
0000000001
0000000001
0000000001
0000000001
0000000001
0000000001
0000000001
0000000001
0000000001
0000000001
0000000001
0000000001
0000000001
0000000001
0000000001
0000000001
0000000001
0000000001
0000000001
0000000001
0000000001
0000000001
0000000001
0000000001
0000000001
0000000001
0000000001
0000000001
0000000001
0000000001
0000000001
0000000001
0000000001
0000000001
0000000001
0000000001
0000000001
0000000001
0000000001
0000000001
0000000001
0000000001
0000000001
0000000001
0000000001
0000000001
0000000001
0000000001
0000000001
0000000001
0000000001
0000000001
0000000001
0000000001
0000000001
0000000001
0000000001
0000000001
0000000001
0000000001
0000000001
0000000001
0000000001
0000000001
0000000001
0000000001
0000000001
0000000001
0000000001
0000000001
0000000001
0000000001
0000000001
0000000001
0000000001
0000000001
0000000001
0000000001
0000000001
0000000001
0000000001
0000000001
0000000001
0000000001
0000000001
0000000001
0000000001
0000000001
0000000001
0000000001
0000000001
0000000001
0000000001
0000000001
0000000001
0000000001
0000000001
0000000001
0000000001
0000000001
0000000001
0000000001
0000000001
0000000001
0000000001
0000000001
0000000001
0000000001
0000000001
0000000001
0000000001
0000000001
0000000001
0000000001
0000000001
0000000001
0000000001
0000000001
0000000001
0000000001
0000000001
0000000001
0000000001
0000000001
0000000001
0000000001
0000000001
0000000001
0000000001
0000000001
0000000001
0000000001
0000000001
0000000001
0000000001
0000000001
0000000001
0000000001
0000000001
0000000001
0000000001
0000000001
0000000001
0000000001
0000000001
0000000001
0000000001
0000000001
0000000001
0000000001
0000000001
0000000001
0000000001
0000000001
0000000001
0000000001
0000000001
0000000001
0000000001
0000000001
0000000001
0000000001
0000000001
0000000001
0000000001
0000000001
0000000001
0000000001
0000000001
0000000001
0000000001
0000000001
0000000001
0000000001
0000000001
0000000001
0000000001
0000000001
0000000001
0000000001
0000000001
0000000001
0000000001
0000000001
0000000001
0000000001
0000000001
0000000001
0000000001
0000000001
0000000001
0000000001
0000000001
0000000001
0000000001
0000000001
0000000001
0000000001
0000000001
0000000001
0000000001
0000000001
0000000001
0000000001
0000000001
0000000001
0000000001
0000000001
0000000001
0000000001
0000000001
0000000001
0000000001
0000000001
0000000001
0000000001
0000000001
0000000001
0000000001
0000000001
0000000001
0000000001
0000000001
0000000001
0000000001
0000000001
0000000001
0000000001
0000000001
0000000001
0000000001
0000000001
0000000001
0000000001
0000000001
0000000001
0000000001
0000000001
0000000001
0000000001
0000000001
0000000001
0000000001
0000000001
0000000001
0000000001
0000000001
0000000001
0000000001
0000000001
0000000001
0000000001
0000000001
0000000001
0000000001
0000000001
0000000001
0000000001
0000000001
0000000001
0000000001
0000000001
0000000001
0000000001
0000000001
0000000001
0000000001
0000000001
0000000001
0000000001
0000000001
0000000001
0000000001
0000000001
0000000001
0000000001
0000000001
0000000001
0000000001
0000000001
0000000001
